1 2499630.077 400728.288
2 2499629.867 400736.039
3 2499629.230 400739.339
4 2499626.504 400739.643
5 2499623.261 400778.493
6 2499621.523 400788.914
7 2499620.206 400796.810
8 2499615.514 400817.020
9 2499614.712 400821.634
10 2499614.575 400822.350
11 2499610.211 400845.195
12 2499607.470 400849.251
13 2499604,685 400859.669
14 2499604.458 400861.479
15 2499603.252 400871.369
16 2499595.709 400870.549
17 2499595,060 400872.963
18 2499594.245 400875.959
19 2499592.741 400881.484
20 2499591.459 400885,924
21 2499589.737 400891.889
22 2499588.569 400895,859
23 2499587.978 400897.843
24 2499587.084 400900.816
25 2499586.743 400901.941
26 2499590.962 400906.626
27 2499587.583 400910.732
28 2499587.104 400917.119
29 2499586.818 400918.294
30 2499581.973 400937.344
31 2499585.441 400980.799
32 2499594.175 400982.231
33 2499592.173 400988.887
34 2499584.980 400991.440
35 2499577.150 400993.360
36 2499570.050 400994.260
37 2499568.021 400994.517
38 2499566.470 400994.360
39 2499559.560 400993.660
40 2499558.061 400993.508
41 2499554.536 400991.987
42 2499551.874 400990.510
43 2499552.037 400990.115
44 2499557.032 400977.778
45 2499564.483 400958.416
46 2499571.537 400938.858
47 2499576.663 400923.836
48 2499581.412 400909.009
49 2499584.388 400899.330
50 2499585,450 400895,856
51 2499586.866 400890,929
52 2499587.974 400887.296
53 2499589.789 400880.768
54 2499591.759 400873.655
55 2499594.508 400863.332
56 2499595.556 400859.301
57 2499596.899 400854.094
58 2499599.641 400842.504
59 2499600.816 400837.913
60 2499601.655 400834,050
61 2499602.774 400829.291
62 2499603.767 400824.604
63 2499604.202 400822.595
64 2499605.062 400818,563
65 2499605.489 400816.532
66 2499606.117 400813.507
67 2499606.939 400809.475
68 2499608.336 400802.446
69 2499609.314 400797.380
70 2499610.075 400793.350
71 2499610.538 400790.842
72 2499610.676 400790.116
73 2499612.633 400779.250
74 2499614,022 400771.219
75 2499615.371 400763.154
76 2499616.832 400754.129
77 2499618,095 400746.082
78 2499619.470 400737.072
79 2499620.620 400729.343
80 2499621.247 400725.056
81 2499622.685 400715.060
82 2499624.231 400704.077
83 2499624.923 400699,096
84 2499626,021 400691.136
85 2499627.920 400677.237
86 2499628.190 400675.253
87 2499628.325 400674.263
88 2499632.790 400641.490
89 2499636.224 400616.285
90 2499639.331 400593.479
91 2499640.574 400584.272
92 2499641.511 400577.419
93 2499642.118 400573.002
94 2499642.749 400568.352
95 2499643.753 400561.025
96 2499647.123 400536.270
97 2499652.568 400496,322
98 2499653.197 400491.753
99 2499663.115 400418.908
100 2499682.939 400273.393
101 2499686.873 400272.565
102 2499682,322 400305,979
103 2499686.819 400319.402
104 2499687.966 400339,743
105 2499685,683 400359.617
106 2499675.487 400374.376
107 2499674.415 400379,502
108 2499671.382 400394.006
109 2499669.937 400405.915
110 2499669.553 400409,079
111 2499667.940 400411.529
112 2499654.274 400511.841
113 2499651.375 400533.031
114 2499649.588 400546.243
115 2499648.358 400555.137
116 2499647.272 400563.183
117 2499646.591 400568,234
118 2499646.736 400568,369
119 2499647.905 400569.133
120 2499649,024 400569.611
121 2499648.194 400587.584
122 2499647.737 400593.381
123 2499647.485 400596.571
124 2499646.694 400600.771
125 2499645.250 400608.469
126 2499644.498 400612,559
127 2499640.294 400614.452
128 2499637.146 400637.560
129 2499634.690 400639,779
130 2499631.735 400675,462
131 2499628.939 400709,229
132 2499629.003 400711.747
133 2499629.727 400714.163
134 2499630.358 400715,209
135 2499630.282 400720.720
1 2499630.077 400728.288