1 54539.871 48584.503
2 54542.420 48584.361
3 54544.908 48583.788
4 54547.262 48582.802
5 54549.415 48581.430
6 54551.713 48518.533
7 54555.003 48428.500
8 54488.665 48453.139
9 54509.047 48422.676
10 54551.366 48387.812
11 54544.813 48377.236
12 54542.064 48375.366
13 54512.474 48364.175
14 54490.474 48353.883
15 54441.293 48324.725
16 54434.258 48311.129
17 54410.745 48302.345
18 54391.045 48296.852
19 54373.251 48292.560
20 54368.422 48291.946
21 54364.197 48299.600
22 54344.396 48318.830
23 54318.606 48333.805
24 54306.365 48340.095
25 54312.846 48365.482
26 54315.114 48389.813
27 54314.991 48389.811
28 54316.017 48401.298
29 54316.575 48404.745
30 54242.921 48446.706
31 54244.485 48451.004
32 54233.892 48454.152
33 54232.347 48451.630
34 54223.216 48449.434
35 54225.277 48452.967
36 54190.763 48474.878
37 54190.420 48474.381
38 54184.919 48479.234
39 54176.614 48493.525
40 54184.865 48520.738
41 54186.900 48527.368
42 54190.755 48539.927
43 54191.659 48541.554
44 54197.224 48545.727
45 54207.743 48551.636
46 54211.654 48553.244
47 54212.946 48553.936
48 54214.222 48554.547
49 54217.409 48556.010
50 54227.631 48558.802
51 54237.941 48562.021
52 54240.789 48562.938
53 54270.585 48572.850
54 54271.644 48576.095
55 54271.581 48576.135
56 54271.748 48576.649
57 54292.341 48577.252
58 54315.460 48566.503
59 54316.933 48565.851
60 54315.744 48567.489
61 54315.635 48577.934
1 54539.871 48584.503